
11.781621	9.600000	1069.081033
11.003410	10.733333	1086.837169
9.000000	12.833333	1091.666667
11.781621	10.200000	1099.081033
11.000000	11.200000	1110.000000
9.000000	13.300000	1115.000000
13.000000	9.333333	1116.666667
9.781621	13.000000	1139.081033
13.003410	9.800000	1140.170502
11.000000	11.885714	1144.285715
11.003410	11.900000	1145.170502
9.000000	14.000000	1150.000000
9.003410	14.000000	1150.170502
11.000000	12.266667	1163.333334
9.000000	14.285714	1164.285715
7.003410	16.333333	1166.837169
13.003410	10.500000	1175.170502
9.000000	14.666667	1183.333333
7.781621	16.000000	1189.081033
7.000000	16.800000	1190.000000
7.003410	16.800000	1190.170502
13.000001	11.000000	1200.000030
11.000000	13.050000	1202.500000
11.000000	13.066667	1203.333333
15.000000	9.142857	1207.142857
9.000000	15.166667	1208.333333
9.000000	15.200000	1210.000000
11.000001	13.200000	1210.000030
13.003449	11.250000	1212.672434
11.003449	13.371429	1218.743862
15.000001	9.428571	1221.428602
17.000001	7.500000	1225.000035
15.000000	9.523810	1226.190476
13.000000	11.571429	1228.571429
11.000000	13.600000	1230.000000
13.000000	11.666667	1233.333333
9.000000	15.750000	1237.500000
9.781621	15.000000	1239.081033
11.003449	13.800000	1240.172434
15.003449	9.964286	1248.386719
9.000000	16.000000	1250.000000
13.000001	12.000000	1250.000060
13.003449	12.000000	1250.172434
15.000000	10.057143	1252.857144
9.003449	16.071429	1253.743862
17.000000	8.250000	1262.500000
7.000000	18.285714	1264.285714
15.000001	10.285714	1264.285774
11.000000	14.400000	1270.000000
11.003449	14.400000	1270.172434
13.000000	12.500000	1275.000000
9.003449	16.500000	1275.172434
16.001934	9.600000	1280.096688
7.000000	18.666667	1283.333333
7.000000	18.666667	1283.333334
7.003410	18.666667	1283.503835
15.003449	10.714286	1285.886719
15.000000	10.793651	1289.682540
10.000000	15.833333	1291.666667
15.000000	10.857143	1292.857144
11.000000	14.933333	1296.666667
10.000000	16.000000	1300.000000
13.000006	13.000000	1300.000309
17.003449	9.000000	1300.172434
9.000000	17.100000	1305.000000
15.000000	11.142857	1307.142857
5.781621	20.400000	1309.081033
13.000000	13.200000	1310.000000
9.000000	17.222222	1311.111111
11.003449	15.300000	1315.172434
15.003449	11.314286	1315.886719
17.003449	9.321429	1316.243862
11.000000	15.333333	1316.666667
13.000000	13.333333	1316.666667
19.000001	7.333333	1316.666697
11.000000	15.400000	1320.000000
11.003410	15.400000	1320.170502
13.000000	13.444444	1322.222222
13.000000	13.500000	1325.000000
9.003410	17.500000	1325.170502
11.000000	15.600000	1330.000000
15.000000	11.628571	1331.428571
11.000000	15.644444	1332.222222
10.000000	16.666667	1333.333333
17.000000	9.722222	1336.111111
13.000000	13.750000	1337.500000
17.003449	9.750000	1337.672434
9.000000	17.857143	1342.857143
15.000000	11.873016	1343.650794
11.000000	15.950000	1347.500000
7.000000	20.000000	1350.000000
7.000000	20.000000	1350.000001
9.000001	18.000000	1350.000060
13.000095	14.000000	1350.004747
9.003449	18.000000	1350.172434
13.000000	14.142857	1357.142858
15.000000	12.178571	1358.928572
15.000000	12.190476	1359.523810
16.000000	11.200000	1360.000000
15.003449	12.214286	1360.886719
7.003449	20.250000	1362.672434
11.000000	16.342857	1367.142857
17.000000	10.350000	1367.500000
17.000000	10.357143	1367.857143
13.420208	14.000000	1371.010382
17.000000	10.450000	1372.500000
17.000000	10.500000	1375.000000
15.000000	12.571429	1378.571429
15.000000	12.571429	1378.571429
11.000000	16.581818	1379.090909
21.000001	6.600000	1380.000030
13.000000	14.666667	1383.333333
19.000006	8.666667	1383.333642
17.000000	10.694444	1384.722222
9.000000	18.700000	1385.000000
5.781621	22.000000	1389.081033
11.000095	16.800000	1390.004747
17.000000	10.833333	1391.666667
15.005043	12.857143	1393.109269
11.000000	16.866667	1393.333334
9.000000	18.944444	1397.222222
15.000000	12.952381	1397.619048
13.000000	15.000000	1400.000000
17.000000	11.000000	1400.000000
13.003449	15.000000	1400.172434
11.000000	17.066667	1403.333333
15.000000	13.095238	1404.761905
19.000000	9.166667	1408.333333
21.000000	7.200000	1410.000000
17.000000	11.250000	1412.500000
17.003449	11.250000	1412.672434
15.000000	13.285714	1414.285714
7.000000	21.333333	1416.666667
10.000000	18.333333	1416.666667
5.000000	23.333333	1416.666667
19.000095	9.333333	1416.671414
13.000000	15.363636	1418.181818
17.000000	11.392857	1419.642858
13.000000	15.400000	1420.000000
9.000000	19.500000	1425.000000
9.003449	19.500000	1425.172434
19.000000	9.523810	1426.190476
19.000000	9.533333	1426.666667
16.000000	12.600000	1430.000000
11.000000	17.600000	1430.000001
9.000000	19.642857	1432.142857
10.000000	18.666667	1433.333333
10.000000	18.666667	1433.333333
15.003449	13.714286	1435.886719
19.420208	9.333333	1437.677049
19.000000	9.777778	1438.888889
21.000000	7.800000	1440.000000
21.000006	7.800000	1440.000309
11.000000	17.828571	1441.428571
15.000000	13.828571	1441.428572
17.000000	11.916667	1445.833333
11.000000	17.963636	1448.181818
9.000000	20.000000	1450.000000
7.000001	22.000000	1450.000030
15.000000	14.031746	1451.587302
19.000000	10.083333	1454.166667
17.000000	12.113636	1455.681818
9.000000	20.166667	1458.333333
9.000000	20.181818	1459.090909
7.000000	22.222222	1461.111111
15.000000	14.285714	1464.285714
15.000000	14.333333	1466.666667
15.000000	14.392857	1469.642857
21.000095	8.400000	1470.004747
19.000000	10.476190	1473.809524
11.000000	18.488889	1474.444444
7.000000	22.500000	1475.000000
13.000000	16.500000	1475.000000
7.003449	22.500000	1475.172434
15.000000	14.545455	1477.272727
23.000001	6.545455	1477.272787
16.000000	13.600000	1480.000000
17.000000	12.650000	1482.500000
17.000000	12.653846	1482.692308
13.000000	16.666667	1483.333333
11.000000	18.700000	1485.000000
17.000000	12.750000	1487.500000
16.066667	13.714286	1489.047619
13.000000	16.800000	1490.000000
19.000000	10.833333	1491.666667
11.000000	18.850000	1492.500000
15.000000	14.857143	1492.857144
9.000000	20.900000	1495.000000
15.000000	14.928571	1496.428572
10.000000	20.000000	1500.000000
9.000000	21.000000	1500.000000
9.000095	21.000000	1500.004747
19.000000	11.030303	1501.515152
21.000000	9.044444	1502.222223
14.066667	16.000000	1503.333333
23.000000	7.090909	1504.545455
13.000000	17.111111	1505.555556
13.000000	17.142857	1507.142857
11.000000	19.200000	1510.000000
19.000000	11.266667	1513.333333
13.000000	17.307692	1515.384615
7.000000	23.333333	1516.666667
11.000000	19.345455	1517.272727
21.000000	9.350000	1517.500000
21.000000	9.381818	1519.090909
16.000000	14.400000	1520.000000
19.000000	11.428571	1521.428571
15.000000	15.476190	1523.809524
13.000000	17.500000	1525.000000
19.000000	11.555556	1527.777778
15.000000	15.584416	1529.220779
17.000000	13.611111	1530.555556
23.000095	7.636364	1531.822929
5.000000	25.666667	1533.333333
16.000000	14.700000	1535.000000
19.000000	11.733333	1536.666667
21.000000	9.742857	1537.142857
17.000000	13.750000	1537.500000
17.000000	13.750000	1537.500000
11.000000	19.800000	1540.000000
15.000000	15.857143	1542.857143
21.000000	9.866667	1543.333333
11.000000	19.911111	1545.555556
11.000000	19.933333	1546.666667
17.000000	13.977273	1548.863636
7.000000	24.000000	1550.000000
13.000000	18.000000	1550.000000
7.000000	24.000000	1550.000001
7.001934	24.000000	1550.096688
17.000000	14.083333	1554.166667
19.000000	12.133333	1556.666667
11.000000	20.142857	1557.142857
17.000000	14.166667	1558.333333
23.005043	8.181818	1559.343035
7.000000	24.200000	1560.000000
17.000000	14.250000	1562.500000
21.000000	10.266667	1563.333333
5.000000	26.285714	1564.285714
11.000000	20.300000	1565.000000
13.000000	18.333333	1566.666667
13.000000	18.333333	1566.666667
19.000000	12.380952	1569.047619
11.000000	20.400000	1570.000000
7.000000	24.444444	1572.222223
9.000000	22.500000	1575.000000
25.000006	6.500000	1575.000309
9.005043	22.500000	1575.252126
11.000000	20.533333	1576.666667
17.000000	14.583333	1579.166667
15.000000	16.607143	1580.357143
22.066667	9.600000	1583.333333
5.000000	26.666667	1583.333334
15.000000	16.714286	1585.714286
23.000000	8.727273	1586.363636
21.000000	10.733333	1586.666667
13.000000	18.750000	1587.500000
15.000000	16.761905	1588.095238
7.781621	24.000000	1589.081033
9.000000	22.800000	1590.000000
19.000000	12.833333	1591.666667
23.000000	8.945455	1597.272727
7.000000	25.000000	1600.000000
11.000000	21.000000	1600.000000
21.000000	11.000000	1600.000000
21.000000	11.050000	1602.500000
15.000000	17.142857	1607.142857
9.000000	23.153846	1607.692308
5.000000	27.200000	1610.000000
23.000000	9.212121	1610.606061
23.000000	9.257576	1612.878788
22.000000	10.285714	1614.285714
21.000000	11.307692	1615.384615
19.000000	13.333333	1616.666667
19.000000	13.333333	1616.666667
23.000000	9.454545	1622.727273
13.000000	19.500000	1625.000000
25.005043	7.500000	1625.252126
21.000000	11.514286	1625.714286
23.000000	9.545455	1627.272727
17.000000	15.583333	1629.166667
15.000000	17.642857	1632.142857
7.000000	25.666667	1633.333334
21.000000	11.727273	1636.363636
11.000000	21.750000	1637.500000
23.000000	9.790210	1639.510490
9.000000	23.800000	1640.000000
9.000000	23.833333	1641.666667
15.000000	17.857143	1642.857143
21.000000	11.900000	1645.000000
23.000000	9.974026	1648.701299
13.000000	20.000000	1650.000000
13.000000	20.000000	1650.000000
13.000000	20.000000	1650.000000
7.000006	26.000000	1650.000309
21.000000	12.100000	1655.000000
9.000000	24.111111	1655.555556
7.000000	26.181818	1659.090909
17.000000	16.250000	1662.500000
11.000000	22.285714	1664.285714
10.000000	23.333333	1666.666667
21.000000	12.333333	1666.666667
23.000000	10.363636	1668.181818
11.000000	22.400000	1670.000000
11.003410	22.400000	1670.170502
23.000000	10.436364	1671.818182
27.000095	6.461538	1673.081670
9.000000	24.500000	1675.000000
9.003410	24.500000	1675.170502
15.000000	18.571429	1678.571429
9.000000	24.642857	1682.142857
7.000000	26.666667	1683.333333
23.000000	10.681818	1684.090909
23.000000	10.747475	1687.373737
11.000000	22.800000	1690.000000
9.000000	24.807692	1690.384615
15.000000	18.857143	1692.857143
23.000000	10.909091	1695.454545
27.000000	6.923077	1696.153846
19.000000	14.933333	1696.666667
13.000000	21.000000	1700.000000
13.003410	21.000000	1700.170502
10.066667	24.000000	1703.333333
25.000000	9.100000	1705.000000
25.000000	9.153846	1707.692308
23.000000	11.181818	1709.090909
9.000000	25.227273	1711.363636
17.000000	17.250000	1712.500000
21.000000	13.285714	1714.285714
25.000000	9.333333	1716.666667
23.000000	11.345455	1717.272727
25.000000	9.388889	1719.444444
7.000000	27.428571	1721.428571
17.000000	17.500000	1725.000000
7.000000	27.500000	1725.000000
25.000000	9.545455	1727.272727
5.000000	29.571429	1728.571429
23.000000	11.636364	1731.818182
13.000000	21.666667	1733.333333
15.000000	19.714286	1735.714286
11.000000	23.800000	1740.000000
25.000000	9.807692	1740.384615
9.000000	25.833333	1741.666667
23.000000	11.931818	1746.590909
21.000000	13.933333	1746.666667
7.000000	28.000000	1750.000000
11.000000	24.000000	1750.000000
5.000001	30.000000	1750.000035
7.003410	28.000000	1750.170502
25.000000	10.111111	1755.555556
16.000000	19.200000	1760.000000
11.000000	24.200000	1760.000000
25.000000	10.227273	1761.363636
11.000000	24.266667	1763.333333
21.000000	14.300000	1765.000000
27.000000	8.307692	1765.384615
15.000000	20.357143	1767.857143
21.000000	14.400000	1770.000000
7.420208	28.000000	1771.010382
15.000000	20.428571	1771.428572
28.066667	7.384615	1772.564103
25.000000	10.500000	1775.000000
23.000000	12.545455	1777.272727
5.000000	30.600000	1780.000000
27.000000	8.615385	1780.769231
10.000000	25.666667	1783.333333
22.000000	13.714286	1785.714286
17.000000	18.750000	1787.500000
27.000000	8.769231	1788.461538
9.000000	26.785714	1789.285714
7.000000	28.800000	1790.000000
25.000000	10.833333	1791.666667
7.000000	28.888889	1794.444444
21.000000	15.000000	1800.000000
9.000000	27.000000	1800.000000
27.000000	9.065934	1803.296703
23.000000	13.181818	1809.090909
11.000000	25.200000	1810.000000
27.000000	9.230769	1811.538462
17.000000	19.250000	1812.500000
17.000000	19.250000	1812.500000
29.000000	7.285714	1814.285714
13.000000	23.333333	1816.666667
7.000000	29.333333	1816.666667
27.000000	9.423077	1821.153846
15.000000	21.428571	1821.428571
11.000000	25.500000	1825.000000
9.000000	27.500000	1825.000000
27.000000	9.572650	1828.632479
11.000000	25.600000	1830.000000
11.000000	25.600000	1830.000001
23.000000	13.636364	1831.818182
10.000000	26.666667	1833.333333
10.000000	26.666667	1833.333333
25.000000	11.700000	1835.000000
25.000000	11.785714	1839.285714
17.000000	19.833333	1841.666667
28.000000	8.888889	1844.444444
30.066667	6.857143	1846.190476
7.000000	30.000000	1850.000000
9.000000	28.000000	1850.000001
7.005043	30.000000	1850.252126
29.000000	8.142857	1857.142857
7.000000	30.153846	1857.692308
23.000000	14.181818	1859.090909
23.000000	14.181818	1859.090909
21.001544	16.200000	1860.077210
17.000000	20.250000	1862.500000
27.000000	10.256410	1862.820513
15.000000	22.285714	1864.285714
19.000000	18.333333	1866.666667
11.000000	26.400000	1870.000000
21.000000	16.466667	1873.333333
25.000000	12.500000	1875.000000
23.000000	14.545455	1877.272727
29.000000	8.571429	1878.571429
27.000000	10.615385	1880.769231
19.000000	18.666667	1883.333333
23.000000	14.727273	1886.363636
29.000000	8.736264	1886.813187
7.000000	30.800000	1890.000000
15.000000	22.857143	1892.857143
15.000000	22.857143	1892.857144
10.000000	28.000000	1900.000000
13.000000	25.000000	1900.000000
5.000001	33.000000	1900.000030
27.000000	11.076923	1903.846154
27.000000	11.128205	1906.410256
15.001544	23.142857	1907.220067
7.000000	31.200000	1910.000000
17.000000	21.250000	1912.500000
19.000000	19.333333	1916.666667
21.000000	17.400000	1920.000000
29.000000	9.428571	1921.428571
7.000000	31.500000	1925.000000
25.001544	13.500000	1925.077210
27.000000	11.538462	1926.923077
21.000000	17.600000	1930.000000
23.000000	15.681818	1934.090909
17.000000	21.750000	1937.500000
29.000000	9.761905	1938.095238
29.000000	9.857143	1942.857143
7.000000	32.000000	1950.000000
11.000000	28.000000	1950.000000
7.000000	32.000000	1950.000001
15.000000	24.142857	1957.142857
29.000000	10.178571	1958.928571
7.000000	32.307692	1965.384615
9.000000	30.333333	1966.666667
33.000000	6.375000	1968.750000
27.000000	12.461538	1973.076923
7.000000	32.500000	1975.000000
28.000000	11.555556	1977.777778
7.000000	32.666667	1983.333333
29.000000	10.714286	1985.714286
29.000000	10.714286	1985.714286
17.000000	22.750000	1987.500000
11.003449	28.800000	1990.172434
23.000000	16.909091	1995.454545
27.000000	12.923077	1996.153846
13.000000	27.000000	2000.000000
21.000000	19.000000	2000.000000
13.001544	27.000000	2000.077210
13.003449	27.000000	2000.172434
33.000000	7.125000	2006.250000
29.000000	11.142857	2007.142857
5.000000	35.200000	2010.000000
17.000000	23.250000	2012.500000
7.000000	33.333333	2016.666667
29.000000	11.428571	2021.428571
5.000000	35.444444	2022.222223
27.000000	13.461538	2023.076923
9.003449	31.500000	2025.172434
29.001544	11.571429	2028.648638
19.000000	21.666667	2033.333333
15.003449	25.714286	2035.886719
7.000000	33.750000	2037.500000
27.000000	13.846154	2042.307692
13.000000	28.000000	2050.000000
5.000000	36.000000	2050.000000
5.003449	36.000000	2050.172434
5.000000	36.142857	2057.142858
16.000000	25.200000	2060.000000
7.000000	34.285714	2064.285714
4.000000	37.333333	2066.666667
35.000000	6.352941	2067.647059
31.000000	10.400000	2070.000000
29.000000	12.428571	2071.428571
9.000000	32.500000	2075.000000
23.000000	18.545455	2077.272727
33.000000	8.625000	2081.250000
5.000000	36.666667	2083.333334
17.000000	24.750000	2087.500000
27.000000	14.769231	2088.461538
31.001544	10.800000	2090.077210
7.000000	35.000000	2100.000000
7.000000	35.000000	2100.000000
3.781621	38.400000	2109.081033
11.000000	31.200000	2110.000000
19.000000	23.333333	2116.666667
33.000000	9.375000	2118.750000
5.000000	37.400000	2120.000000
15.000000	27.428571	2121.428571
31.000000	11.600000	2130.000000
29.000000	13.714286	2135.714286
33.000000	9.750000	2137.500000
35.000000	7.764706	2138.235294
27.000000	15.794872	2139.743590
29.000000	13.928571	2146.428571
13.000000	30.000000	2150.000000
7.003449	36.000000	2150.172434
35.000000	8.117647	2155.882353
33.001544	10.125000	2156.327210
17.000000	26.250000	2162.500000
10.000000	33.333333	2166.666667
11.001544	32.400000	2170.077210
35.000000	8.470588	2173.529412
5.000000	38.500000	2175.000000
5.000000	38.666667	2183.333333
3.781621	40.000000	2189.081033
35.000000	8.823529	2191.176471
33.000000	10.875000	2193.750000
4.000000	40.000000	2200.000000
4.000000	40.000000	2200.000000
5.000006	39.000000	2200.000309
35.000000	9.176471	2208.823530
7.000000	37.333333	2216.666667
17.000000	27.500000	2225.000000
35.000000	9.529412	2226.470588
11.000000	33.600000	2230.000000
23.000000	21.636364	2231.818182
35.000000	9.882353	2244.117647
6.000000	39.000000	2250.000000
5.000000	40.000000	2250.000000
35.000000	10.235294	2261.764706
37.000000	8.333333	2266.666667
37.000000	8.333333	2266.666667
29.000000	16.428571	2271.428571
39.000000	6.631579	2281.578947
19.000000	26.666667	2283.333333
3.781621	42.000000	2289.081033
35.000000	10.941176	2297.058824
13.000000	33.000000	2300.000000
37.001544	9.000000	2300.077210
23.000000	23.181818	2309.090909
11.000000	35.200000	2310.000000
35.000000	11.294118	2314.705882
5.000000	41.363636	2318.181818
15.000000	31.428571	2321.428572
9.000000	37.500000	2325.000000
9.000000	37.500000	2325.000000
5.000000	41.600000	2330.000000
5.000000	41.888889	2344.444444
39.000000	7.894737	2344.736842
7.000000	40.000000	2350.000000
5.000095	42.000000	2350.004747
39.000000	8.210526	2360.526316
17.000000	30.250000	2362.500000
37.000000	10.333333	2366.666667
3.000000	44.333333	2366.666667
27.000000	20.461538	2373.076923
25.000000	22.500000	2375.000000
39.000000	8.526316	2376.315789
41.000000	6.600000	2380.000000
5.000000	42.714286	2385.714286
3.003410	44.800000	2390.170502
41.000000	6.900000	2395.000000
6.000000	42.000000	2400.000000
39.000000	9.157895	2407.894737
19.000000	29.333333	2416.666667
39.000000	9.473684	2423.684211
41.000000	7.500000	2425.000000
3.003410	45.500000	2425.170502
41.000000	7.800000	2440.000000
27.000000	21.923077	2446.153846
4.000000	45.000000	2450.000000
9.001959	40.000000	2450.097965
41.001544	8.100000	2455.077210
5.000000	44.153846	2457.692308
15.000000	34.285714	2464.285714
11.000000	38.400000	2470.000000
9.001544	40.500000	2475.077210
43.000000	6.571429	2478.571429
21.000000	28.600000	2480.000000
3.003410	46.666667	2483.503835
5.000000	44.800000	2490.000000
5.000000	45.000000	2500.000000
5.005043	45.000000	2500.252126
43.000000	7.142857	2507.142857
41.000000	9.300000	2515.000000
29.000000	21.428571	2521.428571
5.000000	45.500000	2525.000000
4.000000	46.666667	2533.333333
43.001544	7.714286	2535.791496
7.000000	44.000000	2550.000000
43.000000	8.285714	2564.285714
43.000000	8.571429	2578.571429
3.781621	48.000000	2589.081033
45.000000	6.818182	2590.909091
4.000000	48.000000	2600.000000
3.000000	49.000000	2600.000000
8.000000	44.000000	2600.000001
3.003410	49.000000	2600.170502
45.000000	7.090909	2604.545455
5.000000	47.142857	2607.142857
5.000000	47.307692	2615.384615
45.001544	7.363636	2618.259028
5.000000	47.500000	2625.000000
45.000000	7.636364	2631.818182
5.000000	47.727273	2636.363636
45.000000	7.909091	2645.454545
5.000000	48.000000	2650.000000
45.000000	8.181818	2659.090909
3.000000	50.285714	2664.285714
5.000000	48.333333	2666.666667
47.000000	6.521739	2676.086957
23.000000	30.545455	2677.272727
3.000000	50.666667	2683.333334
5.000000	48.750000	2687.500000
47.000000	6.782609	2689.130435
4.000000	50.000000	2700.000000
47.001544	7.043478	2702.251123
3.000000	51.200000	2710.000000
5.000000	49.285714	2714.285714
4.000000	50.400000	2720.000000
47.000000	7.565217	2728.260870
47.000000	7.826087	2741.304348
5.000000	50.000000	2750.000000
47.000000	8.086957	2754.347826
49.000000	6.250000	2762.500000
17.000000	38.500000	2775.000000
49.000000	6.750000	2787.500000
11.000000	44.800000	2790.000000
5.000000	51.000000	2800.000000
49.000000	7.250000	2812.500000
3.000000	53.333333	2816.666667
49.000000	7.750000	2837.500000
7.000000	50.000000	2850.000000
51.000000	6.240000	2862.000000
51.000000	6.480000	2874.000000
25.000000	32.500000	2875.000000
51.000000	6.720000	2886.000000
51.000000	6.960000	2898.000000
13.000000	45.000000	2900.000000
17.000000	41.250000	2912.500000
23.000000	35.636364	2931.818182
3.000000	56.000000	2950.000000
11.000000	48.000000	2950.000000
3.000000	56.000000	2950.000001
53.000000	6.230769	2961.538462
3.000000	56.250000	2962.500000
53.000000	6.461538	2973.076923
3.003449	56.571429	2978.743862
53.000000	6.923077	2996.153846
21.000000	39.000000	3000.000000
5.000000	55.000000	3000.000000
53.000000	7.153846	3007.692308
4.420208	56.000000	3021.010382
3.003449	57.600000	3030.172434
7.001544	54.000000	3050.077210
55.000000	6.222222	3061.111111
27.000000	34.461538	3073.076923
9.000000	52.500000	3075.000000
55.000000	6.666667	3083.333333
5.000000	57.000000	3100.000000
4.000000	58.333333	3116.666667
4.000000	58.800000	3140.000000
3.000001	60.000000	3150.000035
57.000000	6.214286	3160.714286
4.000000	59.500000	3175.000000
57.000000	6.857143	3192.857143
4.000000	60.000000	3200.000000
5.000000	60.000000	3250.000000
59.000000	6.206897	3260.344828
59.000000	6.413793	3270.689655
3.000000	62.500000	3275.000000
3.000000	62.857143	3292.857143
3.003449	63.000000	3300.172434
4.000000	63.000000	3350.000000
3.000000	64.000000	3350.000001
61.000000	6.400000	3370.000000
7.000000	62.000000	3450.000000
63.000000	6.193548	3459.677419
5.000000	65.000000	3500.000000
3.000000	68.200000	3560.000000
3.000000	68.444444	3572.222222
3.000000	68.750000	3587.500000
3.000000	69.142857	3607.142857
3.000000	69.666667	3633.333333
3.000000	70.000000	3650.000000
3.000000	70.400000	3670.000000
3.000000	71.500000	3725.000000
3.000000	72.000000	3750.000000
3.003449	72.000000	3750.172434
3.000000	73.333333	3816.666667
5.000000	72.000000	3850.000000
3.000000	74.400000	3870.000000
3.000000	75.000000	3900.000000
3.000000	76.000000	3950.000000
3.000000	77.000000	4000.000000
5.000000	75.000000	4000.000000
3.000000	78.000000	4050.000000
3.000000	80.000000	4150.000000
3.000000	80.166667	4158.333333
3.000000	80.600000	4180.000000
4.000000	80.000000	4200.000000
3.000000	81.714286	4235.714286
5.000000	81.000000	4300.000000
3.000000	83.200000	4310.000000
3.000095	84.000000	4350.004747
5.000000	84.000000	4450.000000
3.000000	86.333333	4466.666667
3.000000	86.666667	4483.333333
3.000000	87.111111	4505.555556
3.000000	88.000000	4550.000000
3.000000	88.666667	4583.333333
3.000000	89.600000	4630.000000
3.005043	90.000000	4650.252126
5.000000	90.000000	4750.000000
3.000000	92.307692	4765.384615
3.000000	92.727273	4786.363636
3.000000	93.333333	4816.666667
3.000000	93.750000	4837.500000
5.000000	93.000000	4900.000000
3.000000	96.000000	4950.000000
4.000000	96.000000	5000.000000
3.000000	97.500000	5025.000000
3.000000	100.000000	5150.000000
3.000000	104.000000	5350.000000
3.000000	105.000000	5400.000000
3.000000	112.000000	5750.000000
3.000000	120.000000	6150.000000
3.000000	126.000000	6450.000000
3.000000	138.000000	7050.000000
3.000000	150.000000	7650.000000
3.000000	156.000000	7950.000000
3.000000	162.000000	8250.000000
3.000000	168.000000	8550.000000
3.000000	180.000000	9150.000000
3.000000	192.000000	9750.000000